Player,Position,ID,Draft Year,Projected SPM,Superstar,Starter,Role Player,Bust
Karl-Anthony Towns,C,karl-anthony-towns,2015,1.030605703,0.134766667,0.427183333,0.163083333,0.274966667
Justise Winslow,SF,justise-winslow,2015,0.875328997,0.083528571,0.510904762,0.176766667,0.2288
Stanley Johnson,SF,stanley-johnson,2015,0.679493305,0.0678,0.423733333,0.2785,0.229966667
Jahlil Okafor,C,jahlil-okafor,2015,0.521661276,0.058716667,0.4099,0.235533333,0.29585
D`Angelo Russell,PG,d-angelo-russell,2015,0.511966664,0.152033333,0.342283333,0.096583333,0.4091
Dakari Johnson,C,dakari-johnson,2015,0.491787354,0.021340778,0.36754357,0.417571997,0.193543655
Devin Booker,SG,3-devin-booker,2015,0.472577305,0.073366667,0.324466667,0.390166667,0.212
Willie Cauley-Stein,C,willie-cauley-stein,2015,0.351171383,0.047114455,0.405989863,0.243185719,0.303709963
Rondae Hollis-Jefferson,SF,rondae-hollis-jefferson,2015,0.311909198,0.014589784,0.368533143,0.392480667,0.224396406
Trey Lyles,PF,trey-lyles,2015,0.267509411,0.022385714,0.351328571,0.403052381,0.223233333
Sam Dekker,SF,sam-dekker,2015,0.254164944,0.008691989,0.385003946,0.329053601,0.277250464
Kelly Oubre Jr.,SF,kelly-oubre-jr,2015,0.247310247,0.019833333,0.378983333,0.337966667,0.263216667
Tyus Jones,PG,tyus-jones,2015,0.243548797,0.0272,0.414561905,0.284404762,0.273833333
Kevon Looney,PF,kevon-looney,2015,0.204173217,0.0083,0.355566667,0.374916667,0.261216667
Myles Turner,PF,2-myles-turner,2015,0.076381303,0.029416667,0.335797619,0.318516667,0.316269048
Cliff Alexander,PF,cliff-alexander,2015,0.026133537,0.007633333,0.294783333,0.406616667,0.290966667
Christian Wood,PF,christian-wood,2015,-0.019560841,0.008396848,0.31111083,0.393687898,0.286804424
Frank Kaminsky,C,frank-kaminsky,2015,-0.072352472,0.006718361,0.352834529,0.327164489,0.313282621
Michael Frazier II,SG,michael-frazier-ii,2015,-0.16705094,0.010083843,0.254306634,0.381989035,0.353620488
Brandon Ashley,PF,brandon-ashley,2015,-0.170210127,0.011186812,0.253264673,0.356138802,0.379409713
Bobby Portis,PF,bobby-portis,2015,-0.314574233,0.003141375,0.253027047,0.386533364,0.357298214
Andrew Harrison,PG,andrew-harrison,2015,-0.337040592,0.01122782,0.209972569,0.3939911,0.384808511
Rashad Vaughn,SG,rashad-vaughn,2015,-0.342326069,0.020666667,0.242333333,0.3678,0.3692
Aaron Harrison,SG,3-aaron-harrison,2015,-0.420844124,0.009668813,0.191222705,0.391380191,0.407728291
Montrezl Harrell,PF,montrezl-harrell,2015,-0.436183176,0.003904083,0.200321084,0.411584119,0.384190715
Quinn Cook,PG,quinn-cook,2015,-0.453518413,0.000128454,0.221394556,0.365234166,0.413242824
Cameron Payne,PG,2-cameron-payne,2015,-0.604344604,0.009530364,0.19008399,0.316887572,0.483498073
Chris McCullough,PF,chris-mccullough,2015,-0.630996181,0.006566667,0.192133333,0.2932,0.5081
Justin Anderson,SF,justin-anderson,2015,-0.635744631,0.000926066,0.157187056,0.412166931,0.429719947
Terry Rozier,PG,terry-rozier,2015,-0.637633814,0.007467101,0.188247503,0.299670223,0.504615174
Vince Hunter,SF,vince-hunter,2015,-0.644930502,0.003999131,0.145082443,0.385996989,0.464921437
Delon Wright,PG,delon-wright,2015,-0.666006064,0.002650704,0.169565987,0.359936913,0.467846395
Jarell Martin,PF,jarell-martin,2015,-0.721739664,0.001471636,0.158725617,0.357772678,0.482030069
Jordan Mickey,PF,jordan-mickey,2015,-0.745960108,0.001443787,0.144665538,0.374332518,0.479558158
Wayne Blackshear,SG,wayne-blackshear,2015,-0.750833557,0.001026966,0.115460611,0.433883586,0.449628838
Chris Walker,PF,5-chris-walker,2015,-0.75113066,0.001166667,0.157566667,0.353433333,0.487833333
T.J. McConnell,PG,tj-mcconnell,2015,-0.760484149,0.002670752,0.102511805,0.43556844,0.459249003
J.P. Tokoto,SF,jp-tokoto,2015,-0.785873736,0.000673629,0.107998383,0.431220506,0.460107482
Pat Connaughton,SF,pat-connaughton,2015,-0.833781871,0.000664804,0.08891347,0.432599715,0.47782201
R.J. Hunter,SG,rj-hunter,2015,-0.836776877,0.004112703,0.121239491,0.385605421,0.489042385
Jerian Grant,PG,jerian-grant,2015,-0.869777062,0.001169979,0.130352495,0.345982451,0.522495076
Olivier Hanlan,SG,olivier-hanlan,2015,-0.939601082,0.000227369,0.058708643,0.482292406,0.458771582
Branden Dawson,SF,branden-dawson,2015,-0.94832171,0.000308971,0.093166238,0.391170861,0.51535393
Robert Upshaw,C,robert-upshaw,2015,-0.953017497,0.000216394,0.088032316,0.38180529,0.529946
Tyler Harvey,SG,tyler-harvey,2015,-0.963286998,0,0.045680357,0.485580914,0.468738729
Darrun Hilliard,SG,darrun-hilliard,2015,-0.997597057,0.001336934,0.058581954,0.430904831,0.509176281
Tyler Haws,SG,tyler-haws,2015,-1.014375418,0.001035564,0.038756025,0.476593937,0.483614474
Treveon Graham,SG,treveon-graham,2015,-1.026896912,0.001371164,0.075528744,0.379480354,0.543619737
Rakeem Christmas,PF,rakeem-christmas,2015,-1.037407078,0.000103674,0.074800607,0.399359049,0.52573667
Kenneth Smith,PG,3-kenneth-smith,2015,-1.039547879,0.000746776,0.073520453,0.35809779,0.567634981
Michael Qualls,SG,3-michael-qualls,2015,-1.041676256,0.005867204,0.056290419,0.39026949,0.547572888
Aaron White,PF,5-aaron-white,2015,-1.044431359,0.000858212,0.090374546,0.358788407,0.549978835
Alan Williams,PF,3-alan-williams,2015,-1.051104888,0.00100349,0.027920018,0.449342651,0.52173384
Shannon Scott,PG,shannon-scott,2015,-1.061872742,0.001596119,0.068008751,0.356970581,0.573424549
Isaac Fotu,PF,isaac-fotu,2015,-1.065081918,0.001318013,0.054936126,0.384945795,0.558800066
Keifer Sykes,PG,keifer-sykes,2015,-1.083833575,0.002417356,0.04982042,0.387609233,0.560152991
Juwan Staten,PG,juawn-staten,2015,-1.095315539,0.000476844,0.038064935,0.414884254,0.546573966
Corey Hawkins,SG,corey-hawkins,2015,-1.096899647,0.000108822,0.033205484,0.436069852,0.530615842
D.J. Newbill,SG,devonte-newbill,2015,-1.108784009,0.000554941,0.026482771,0.436494657,0.536467631
Josh Richardson,SG,2-josh-richardson,2015,-1.125029822,0.000131253,0.056205838,0.376816007,0.566846902
Jonathan Holmes,SF,2-jonathan-holmes,2015,-1.13357382,0,0.053248718,0.365396839,0.581354443
Joseph Young,SG,joseph-young,2015,-1.138828781,8.03961E-05,0.04891635,0.394276343,0.55672691
Wesley Saunders,SG,wesley-saunders,2015,-1.171996457,0.000373186,0.036596138,0.387045086,0.575985589
Richaun Holmes,PF,richaun-holmes,2015,-1.186744347,0.000357099,0.060157338,0.314633278,0.624852285
Anthony Brown,SG,3-anthony-brown,2015,-1.187041132,0,0.038678905,0.379622804,0.581698291
Norman Powell,SG,norman-powell,2015,-1.189678464,0,0.03610954,0.38697547,0.576914989
Josh Smith,C,9-josh-smith,2015,-1.192473127,0,0.026755605,0.382057886,0.591186509
Derrick Marks,SG,derrick-marks,2015,-1.199786481,0.001857445,0.030881673,0.379643412,0.587617469
Marcus Thornton,SG,2-marcus-thornton,2015,-1.202113387,0.000489255,0.021634511,0.389748446,0.588127788
Terran Petteway,SG,terran-petteway,2015,-1.207198123,0,0.035343103,0.367281274,0.597375623
Seth Tuttle,PF,seth-tuttle,2015,-1.221872777,0,0.03687377,0.358785304,0.604340925
Trevor Lacey,SG,trevor-lacey,2015,-1.2269165,0,0.033303382,0.357759442,0.608937176
Dez Wells,SG,dezmine-wells,2015,-1.244978961,0.000229033,0.022535212,0.384498234,0.59273752
"Larry Nance, Jr.",PF,larry-nance-jr,2015,-1.254446537,0,0.030613137,0.339796126,0.629590736
Sir`Dominic Pointer,SF,sir-dominic-pointer,2015,-1.301544045,0,0.029016181,0.320955511,0.650028307
Briante Weber,PG,briante-weber,2015,-1.308756716,0.004466226,0.037216853,0.286508463,0.671808458
Cady Lalanne,PF,cady-lalanne,2015,-1.312742518,0,0.022921295,0.33122696,0.645851745
Joel Embiid,C,joel-embiid,2014,1.164983449,0.147866667,0.398188095,0.234645238,0.2193
Marcus Smart,PG,marcus-smart,2014,0.9972632,0.163507826,0.363845589,0.142131996,0.33051459
Noah Vonleh,PF,noah-vonieh,2014,0.88516864,0.099,0.461066667,0.1801,0.259833333
Aaron Gordon,PF,aaron-gordon,2014,0.844204419,0.0966,0.4617,0.200033333,0.241666667
Andrew Wiggins,SG,andrew-wiggins,2014,0.694104731,0.110216667,0.42225,0.118,0.349533333
Julius Randle,PF,julius-randle,2014,0.627281437,0.082233333,0.417433333,0.2036,0.296733333
Jabari Parker,SF,jabari-parker,2014,0.514308936,0.0885,0.405,0.152666667,0.353833333
Jordan Adams,SG,2-jordan-adams,2014,0.416089009,0.051623343,0.357780708,0.325513346,0.265082604
Gary Harris,SG,gary-harris,2014,0.298824269,0.068668118,0.334410402,0.310628849,0.286292631
Jarnell Stokes,PF,jarnell-stokes,2014,0.144021715,0.014131988,0.293791082,0.41587172,0.27620521
Nik Stauskas,SG,nik-stauskas,2014,0.09764512,0.016286567,0.302474659,0.390961236,0.290277537
James Young,SF,james-young,2014,0.023821786,0.0317,0.310783333,0.359264286,0.298252381
Glenn Robinson III,SF,glenn-robinson-iii,2014,-0.005355215,0.006183208,0.281363583,0.404918844,0.307534365
Zach LaVine,PG,zach-lavine,2014,-0.04600119,0.032766667,0.2868,0.397933333,0.2825
T.J. Warren,SF,tj-warren,2014,-0.148039157,0.013448779,0.258598773,0.36924236,0.358710088
Mitch McGary,PF,mitch-mcgary,2014,-0.274478981,0.007489118,0.237597619,0.434655687,0.320257575
Elfrid Payton,PG,elfrid-payton,2014,-0.284167648,0.019206755,0.239723996,0.343878864,0.397190385
Kyle Anderson,PF,3-kyle-anderson,2014,-0.291038075,0.012674006,0.254152427,0.329701228,0.40347234
Rodney Hood,SG,rodney-hood,2014,-0.315093348,0.002403967,0.236255935,0.414664765,0.346675333
Tyler Ennis,PG,tyler-ennis,2014,-0.392781623,0.037816667,0.248416667,0.2376,0.476166667
Scottie Wilbekin,PG,scottie-wilbekin,2014,-0.429531082,0.008391528,0.1896991,0.410623309,0.391286062
Jerami Grant,SF,jerami-grant,2014,-0.453116853,0.008432581,0.191915165,0.375301105,0.424351149
Ioannis Papapetrou,SF,ioannis-papapetrou,2014,-0.546537848,0.011866667,0.1737,0.386366667,0.428066667
P.J. Hairston,SG,pj-hairston,2014,-0.571128526,0.004645311,0.176566294,0.402214391,0.416574004
Doug McDermott,SF,doug-mcdermott,2014,-0.592855566,0.008434031,0.170931755,0.419181273,0.401452941
Johnny O`Bryant III,PF,johnny-o-bryant-iii,2014,-0.595490859,0.004936115,0.16872046,0.375714528,0.450628896
Spencer Dinwiddie,PG,spencer-dinwiddie,2014,-0.65617692,0.006796893,0.143349483,0.395656986,0.454196638
Aaron Craft,PG,aaron-craft,2014,-0.688627125,0.002723818,0.167154989,0.349487744,0.480633448
Russ Smith,SG,russ-smith,2014,-0.716167447,0.008371726,0.113620222,0.433192637,0.444815416
Adreian Payne,PF,adreian-payne,2014,-0.761344456,0.000407614,0.151041217,0.405494312,0.443056856
Lamar Patterson,SF,lamar-patterson,2014,-0.765033453,0.00068699,0.119157244,0.434200801,0.445954965
Casey Prather,SF,casey-prather,2014,-0.774441847,0.001530535,0.121648369,0.409966457,0.46685464
K.J. McDaniels,SF,kj-mcdaniels,2014,-0.796472838,0.002848519,0.125553787,0.394025815,0.47757188
Shabazz Napier,PG,shabazz-napier,2014,-0.803921841,0.00112918,0.153899813,0.341044624,0.503926382
Javon McCrea,PF,javon-mccrea,2014,-0.817757422,0.006759709,0.066239509,0.468548353,0.45845243
Travis Bader,SG,travis-bader,2014,-0.832533624,0,0.052121788,0.526294472,0.421583739
Patric Young,C,patric-young,2014,-0.835141766,0.001417635,0.134786954,0.393510364,0.470285047
Jabari Brown,SG,jabari-brown,2014,-0.888391954,0.000871092,0.078403416,0.448375023,0.472350468
Cleanthony Early,SF,cleanthony-early,2014,-0.911636168,0.00019739,0.10647912,0.388504497,0.504818993
JaKarr Sampson,PF,jakarr-sampson,2014,-0.967242513,0.003211382,0.083077968,0.36771572,0.545994931
Nick Johnson,SG,7-nick-johnson,2014,-0.972089828,0.001791793,0.088348209,0.383142037,0.526717961
Will Sheehey,SF,will-sheehey,2014,-0.985157118,0,0.063033638,0.443120162,0.493846199
Joe Harris,SG,joe-harris,2014,-0.999378558,0,0.089270279,0.387283671,0.52344605
Langston Galloway,PG,langston-galloway,2014,-1.021832753,0,0.035558574,0.451284827,0.513156599
Bryce Cotton,PG,bryce-cotton,2014,-1.023212462,0.000213567,0.05335954,0.423850229,0.522576664
Deonte Burton,PG,2-deonte-burton,2014,-1.036448897,0.010366667,0.042411111,0.387922222,0.5593
Sean Kilpatrick,SG,sean-kilpatrick,2014,-1.042705292,0.001270496,0.056124043,0.417013174,0.525592287
C.J. Fair,SF,cj-fair,2014,-1.047596435,0,0.071627366,0.374835673,0.553536961
Khem Birch,PF,khem-birch,2014,-1.052769541,0.000708447,0.068302683,0.368116261,0.562872609
C.J Wilcox,SG,cj-wilcox,2014,-1.059856736,0,0.058479353,0.412311947,0.5292087
James Michael McAdoo,PF,james-michael-mcadoo,2014,-1.073448068,0.003532802,0.06125954,0.361387101,0.573820557
Semaj Christon,PG,semaj-christon,2014,-1.08062241,0.002745413,0.060859379,0.365707692,0.570687516
George Beamon,SG,george-beamon,2014,-1.081143582,0.000157411,0.038253059,0.424073696,0.537515833
Jordan McRae,SG,jordan-mcrae,2014,-1.084563556,0.000394215,0.052110878,0.415968858,0.531526049
Jordan Clarkson,PG,jordan-clarkson,2014,-1.089102908,0.000387702,0.068988557,0.384239805,0.546383936
LaQuinton Ross,SF,laquinton-ross,2014,-1.099541557,0.001632995,0.06037919,0.367091288,0.570896526
Keith Appling,PG,keith-appling,2014,-1.116948137,8.99603E-05,0.069645012,0.349903441,0.580361587
Eric Moreland,PF,eric-moreland,2014,-1.120380546,0,0.03454344,0.409842116,0.555614444
Cory Jefferson,PF,cory-jefferson,2014,-1.143082916,0.000703744,0.053958917,0.371486396,0.573850942
Roy Devyn Marble,SF,roy-devyn-marble,2014,-1.164732314,0.001294149,0.045501185,0.367424895,0.585779771
Geron Johnson,SG,geron-johnson,2014,-1.172923037,0.000251835,0.036559588,0.38053921,0.582649367
Taylor Braun,SF,taylor-braun,2014,-1.17554871,0.000248671,0.02429166,0.395952127,0.579507542
DeAndre Kane,PG,deandre-kane,2014,-1.175872264,0.000301607,0.02970408,0.395004839,0.574989473
Jahii Carson,PG,jahii-carson,2014,-1.18869046,0,0.040676668,0.364069502,0.595253829
Mike Moser,PF,mike-moser,2014,-1.192565415,0,0.046481376,0.346782181,0.606736443
Jordan Bachynski,C,jordan-bachynski,2014,-1.198032056,0,0.035665482,0.376963083,0.587371435
Richard Solomon,PF,richard-solomon,2014,-1.205473844,0.000828134,0.026671054,0.36616915,0.606331663
Fuquan Edwin,SG,edwin-fuquan,2014,-1.213011652,0.00182937,0.026088426,0.370230616,0.601851589
Roscoe Smith,SF,roscoe-smith,2014,-1.216220914,0,0.04902337,0.329921451,0.621055179
Melvin Ejim,SF,melvin-ejim,2014,-1.223335768,0.000103426,0.04885285,0.331901847,0.619141877
Josh Huestis,PF,josh-huestis,2014,-1.226497956,5.40636E-05,0.028102449,0.360460124,0.611383363
Devon Collier,PF,devon-collier,2014,-1.229856301,0.000374529,0.034315304,0.368935716,0.596374451
Juvonte Reddic,PF,juvonte-reddic,2014,-1.24975282,0,0.031508062,0.337647833,0.630844105
Markel Brown,SG,markel-brown,2014,-1.261974277,0,0.043132515,0.331316868,0.625550617
Xavier Thames,PG,xavier-thames,2014,-1.268289325,0,0.033606909,0.336991656,0.629401435
DeAndre Daniels,SF,deandre-daniels,2014,-1.271549283,0,0.052553569,0.297930547,0.649515884
Alex Kirk,C,2-alex-kirk,2014,-1.298321156,0.00019885,0.031377704,0.3194811,0.648942346
Shawn Jones,PF,shawn-jones,2014,-1.311412048,0,0.014185322,0.34431906,0.641495618
Tarik Black,PF,tarik-black,2014,-1.315996164,0.000226324,0.044106876,0.291998366,0.663668434
Alec Brown,C,alec-brown,2014,-1.375842907,0.00034759,0.017325302,0.303191714,0.679135395
Dwight Powell,PF,dwight-powell,2014,-1.437694654,0,0.021705208,0.264808597,0.713486196
Victor Oladipo,SG,victor-oladipo,2013,1.211980125,0.160260293,0.429232385,0.174529059,0.235978263
Nerlens Noel,C,nerlens-noel,2013,1.08444878,0.117252381,0.479164286,0.1294,0.274183333
Otto Porter,SF,otto-porter,2013,1.032747011,0.11176473,0.499681367,0.127524591,0.261029313
Alex Len,C,alex-len,2013,0.55480609,0.071429724,0.400516549,0.245677995,0.282375732
Anthony Bennett,PF,anthony-bennett,2013,0.338017425,0.065866667,0.387,0.203416667,0.343716667
Ben McLemore,SG,ben-mclemore,2013,0.32444404,0.0575,0.404833333,0.188116667,0.34955
Cody Zeller,PF,cody-zeller,2013,0.23832921,0.01624033,0.355549252,0.375353221,0.252857198
CJ McCollum,PG,cj-mccollum,2013,0.049354284,0.058070979,0.291784943,0.246109835,0.404034243
Michael Carter-Williams,PG,michael-carter-williams,2013,0.024133017,0.031497832,0.313682744,0.26933731,0.385482114
Kentavious Caldwell-Pope,SG,kentavious-caldwell-pope,2013,0.003458325,0.031397588,0.321592229,0.262890961,0.384119222
Steven Adams,C,steven-adams,2013,-0.007590802,0.009433333,0.295566667,0.416633333,0.278366667
Grant Jerrett,PF,grant-jerrett,2013,-0.089439075,0.011233333,0.2963,0.3707,0.321766667
Trey Burke,PG,trey-burke,2013,-0.229094366,0.038073803,0.288109133,0.181635808,0.492181256
Reggie Bullock,SG,2-reggie-bullock,2013,-0.363011514,0.000829094,0.213444188,0.428350149,0.357376569
Shane Larkin,PG,shane-larkin,2013,-0.411266786,0.005543345,0.271785963,0.258576863,0.464093829
Archie Goodwin,SG,archie-goodwin,2013,-0.525482504,0.014966667,0.1988,0.346766667,0.439466667
Allen Crabbe,SG,allen-crabbe,2013,-0.562182507,0.003465149,0.152968209,0.431709994,0.411856648
Tony Snell,SF,tony-snell,2013,-0.565298098,0.001210346,0.169808308,0.419738587,0.409242759
Kelly Olynyk,PF,kelly-olynyk,2013,-0.57888199,0.008095686,0.157718954,0.436653771,0.397531589
Tim Hardaway Jr,SG,tim-hardaway-jr,2013,-0.593670577,0.004712437,0.156173225,0.41770834,0.421405998
Adonis Thomas,SF,adonis-thomas,2013,-0.601208552,0.001996626,0.160148573,0.404400508,0.433454293
Deshaun Thomas,SF,deshaun-thomas,2013,-0.606352187,0.000469212,0.174268398,0.419770557,0.405491833
B.J. Young,PG,bj-young,2013,-0.618394761,0.016186659,0.167706566,0.328696079,0.487410695
Tony Mitchell,PF,4-tony-mitchell,2013,-0.64137677,0.00759297,0.167912596,0.350991271,0.473503163
Mason Plumlee,C,mason-plumlee,2013,-0.700841167,0.001170008,0.172470295,0.379570768,0.446788929
Gorgui Dieng,C,gorgui-dieng,2013,-0.709679491,0.001011468,0.152128445,0.402509868,0.444350219
Vander Blue,SG,vander-blue,2013,-0.727812305,0.002510889,0.133050452,0.400696766,0.463741893
Shabazz Muhammad,SF,shabazz-muhammad,2013,-0.738454845,0.000666667,0.161033333,0.356316667,0.481983333
Erik Murphy,PF,erik-murphy,2013,-0.74513942,0.001054612,0.131158196,0.419842755,0.447944437
Andre Roberson,SF,andre-roberson,2013,-0.752286275,0.003681298,0.1204483,0.396024692,0.479845709
Pierre Jackson,PG,pierre-jackson,2013,-0.783826536,0.003619142,0.113334171,0.406726714,0.476319973
Jamaal Franklin,SG,jamaal-franklin,2013,-0.868364956,0.003013166,0.107371449,0.384940465,0.504674919
James Southerland,SF,james-southerland,2013,-0.874727443,0,0.099678886,0.404429138,0.495891976
Ryan Kelly,PF,2-ryan-kelly,2013,-0.885402692,0.000120922,0.112510359,0.399197829,0.48817089
Phil Pressey,PG,phil-pressey,2013,-0.916096596,0.003063217,0.10344648,0.362295133,0.53119517
Peyton Siva,PG,peyton-siva,2013,-0.939827872,0.001761086,0.090901209,0.373051655,0.53428605
Glen Rice Jr,SF,glen-rice-jr,2013,-0.945307971,0.000204333,0.0981566,0.370717625,0.530921441
D.J. Stephens,SF,dj-stephens,2013,-0.951124183,0,0.082636386,0.411949228,0.505414386
Travis Releford,SF,travis-releford,2013,-0.978145201,0.00010139,0.055874624,0.44762623,0.496397756
Christian Watford,SF,christian-watford,2013,-0.984311926,0.000269209,0.069316101,0.417370796,0.513043894
Isaiah Canaan,PG,isaiah-canaan,2013,-0.985065573,0.000127015,0.10931585,0.347792098,0.542765037
Trevor Mbakwe,PF,trevor-mbakwe,2013,-0.990799231,6.95301E-05,0.06912942,0.427314852,0.503486197
Matthew Dellavedova,PG,matt-dellavedova,2013,-0.992282486,0.000169304,0.048258289,0.443589619,0.507982788
Myck Kabongo,PG,myck-kabongo,2013,-1.002002595,0.002630925,0.069003247,0.393466255,0.534899573
Will Clyburn,SG,will-clyburn,2013,-1.004961208,0.001021995,0.066831608,0.414142438,0.51800396
Ryan Broekhoff,SF,ryan-broekhoff,2013,-1.006948962,0,0.062664739,0.417767694,0.519567567
Seth Curry,SG,seth-curry,2013,-1.023819856,0.000366145,0.051393688,0.449503363,0.498736805
Jeff Withey,C,2-jeff-withey,2013,-1.036232627,0,0.098025362,0.361959583,0.540015054
Rotnei Clarke,PG,rotnei-clarke,2013,-1.05249864,0,0.020606728,0.463675964,0.515717308
Elijah Johnson,PG,elijah-johnson,2013,-1.082314328,0,0.039158247,0.413754257,0.547087496
Solomon Hill,SF,solomon-hill,2013,-1.08797892,0,0.05128024,0.395677229,0.553042531
C.J. Aiken,SF,cj-aiken,2013,-1.099332037,0,0.038996348,0.410482828,0.550520824
Nate Wolters,PG,nate-wolters,2013,-1.100889746,0.000166948,0.039029324,0.408349811,0.552453917
Arsalan Kazemi,PF,arsalan-kazemi,2013,-1.113387768,0.000761458,0.05234262,0.371871609,0.575024313
Ray McCallum,PG,ray-mccallum,2013,-1.113494711,0,0.061821626,0.366471375,0.571707
Mike Muscala,PF,mike-muscala,2013,-1.116139235,0.001540374,0.037592367,0.397360688,0.56350657
Lorenzo Brown,PG,2-lorenzo-brown,2013,-1.127627385,0.0007427,0.050603228,0.365403135,0.583250937
Kenny Kadji,PF,kenny-kadji,2013,-1.138419153,0,0.047545839,0.389572967,0.562881194
Khalif Wyatt,SG,khalif-wyatt,2013,-1.140869965,0,0.048994705,0.381852178,0.569153117
Brandon Davies,PF,brandon-davies,2013,-1.154171176,0.000844981,0.027603772,0.403711974,0.567839273
Rodney Williams,SF,4-rodney-williams,2013,-1.158410735,0,0.046943383,0.36018012,0.592876497
Laurence Bowers,SF,laurence-bowers,2013,-1.17514428,6.65635E-05,0.056893896,0.346354614,0.596684926
James Ennis,SF,james-ennis,2013,-1.176969681,0,0.036649456,0.378062379,0.585288164
Colton Iverson,C,colton-iverson,2013,-1.177163018,0.004160936,0.047608351,0.339127856,0.609102857
Brandon Paul,SG,brandon-paul,2013,-1.190408681,0.000506708,0.033261671,0.39150879,0.574722831
Erick Green,PG,erick-green,2013,-1.201441963,0,0.032744568,0.382569601,0.584685831
Amath M`Baye,SF,amath-m-baye,2013,-1.205039414,0.000272116,0.022421276,0.394267316,0.583039293
Carrick Felix,SG,carrick-felix,2013,-1.208663593,0,0.039530919,0.360240658,0.600228423
Robert Covington,SF,robert-covington,2013,-1.212712709,0,0.046616042,0.333632043,0.619751915
Jamelle Hagins,PF,jamelle-hagins,2013,-1.225318468,0,0.018641152,0.389021757,0.59233709
Michael Snaer,SG,michael-snaer,2013,-1.249049599,0.000278975,0.037805886,0.348607287,0.613307852
Ramon Galloway,PG,ramon-galloway,2013,-1.249319754,0,0.027981426,0.354329482,0.617689092
Will Cherry,PG,will-cherry,2013,-1.259595794,0.00013371,0.028317073,0.350351012,0.621198206
C.J. Leslie,SF,cj-leslie,2013,-1.260952605,0,0.040435679,0.323628107,0.635936215
Dewayne Dedmon,C,dewayne-dedmon,2013,-1.263695161,0,0.039272621,0.320209109,0.64051827
Elias Harris,SF,elias-harris,2013,-1.267952853,0.000774874,0.025412883,0.349452706,0.624359537
Richard Howell,PF,richard-howell,2013,-1.288215577,0,0.044641474,0.299999163,0.655359363
Ed Daniel,PF,daniel-edward,2013,-1.301542821,0.000466873,0.029791772,0.321661022,0.648080333
Jackie Carmichael,PF,jackie-carmichael,2013,-1.356107188,0.000141893,0.014838132,0.324852085,0.66016789
Romero Osby,PF,romero-osby,2013,-1.367231132,0,0.014427001,0.318924131,0.666648869
Zeke Marshall,C,zeke-marshall,2013,-1.410949701,0,0.019962324,0.281362774,0.698674902
Anthony Davis,PF,3-anthony-davis,2012,1.430364691,0.103266667,0.589083333,0.076133333,0.231516667
Bradley Beal,SG,bradley-beal,2012,1.012450112,0.133466667,0.491516667,0.137333333,0.237683333
Dion Waiters,SG,dion-waiters,2012,0.881298607,0.122661905,0.403533333,0.199038095,0.274766667
Michael Kidd-Gilchrist,SF,michael-kidd-gilchrist,2012,0.796144638,0.076,0.531266667,0.138666667,0.254066667
Thomas Robinson,PF,thomas-robinson,2012,0.624179856,0.114304453,0.369209632,0.202871382,0.313614533
Andre Drummond,C,andre-drummond,2012,0.469727567,0.0545,0.47435,0.1908,0.28035
Jared Sullinger,PF,jared-sullinger,2012,0.444681123,0.022565109,0.40867264,0.32864506,0.240117191
Harrison Barnes,SF,harrison-barnes,2012,0.220673597,0.066667841,0.358434179,0.200094882,0.374803098
Terrence Jones,PF,terrance-jones,2012,0.132519059,0.032260825,0.352716879,0.298113457,0.316908839
Jeremy Lamb,SG,jeremy-lamb,2012,0.076846822,0.016579435,0.309183261,0.388164485,0.286072819
John Henson,PF,john-henson,2012,0.01894437,0.020747365,0.365186479,0.289436373,0.324629784
Marquis Teague,PG,marquis-teague,2012,-0.050632849,0.030233333,0.319166667,0.29125,0.35935
Austin Rivers,SG,austin-rivers,2012,-0.145823923,0.036233333,0.268866667,0.334097619,0.360802381
Royce White,SF,royce-white,2012,-0.193489861,0.0184,0.24375,0.357366667,0.380483333
Damian Lillard,PG,damian-lillard,2012,-0.200562313,0.036313508,0.259299921,0.27352202,0.430864551
Tony Wroten,PG,tony-wroten,2012,-0.245215022,0.021566667,0.280566667,0.2869,0.410966667
Doron Lamb,SG,doron-lamb,2012,-0.281442474,0.004280402,0.208319497,0.439636809,0.347763291
Moe Harkless,SF,maurice-harkless,2012,-0.310236312,0.012416667,0.26805,0.346683333,0.37285
Perry Jones III,PF,perry-jones-iii,2012,-0.362200805,0.003381931,0.25658298,0.375624695,0.364410394
Quincy Miller,SF,quincy-miller,2012,-0.367860307,0.0082,0.232266667,0.3737,0.385833333
Terrence Ross,SG,terrence-ross,2012,-0.393773751,0.018984717,0.214976286,0.348887871,0.417151127
Jared Cunningham,SG,2-jared-cunningham,2012,-0.441393952,0.012164518,0.193810652,0.38509138,0.408933451
Meyers Leonard,C,meyers-leonard,2012,-0.493004562,0.001882547,0.222535097,0.353145687,0.422436669
John Jenkins,SG,2-john-jenkins,2012,-0.541753731,0.004348225,0.153131284,0.428610228,0.413910263
Kendall Marshall,PG,kendall-marshall,2012,-0.545690813,0.001415434,0.208683597,0.33463658,0.455264388
Draymond Green,SF,draymond-green,2012,-0.556659557,0.002476549,0.169968738,0.421028206,0.406526507
Hollis Thompson,SF,hollis-thompson,2012,-0.567039158,0.003435273,0.17262017,0.380718606,0.443225951
Jae Crowder,SF,jae-crowder,2012,-0.595557739,0.001250205,0.184527717,0.387793191,0.426428888
Khris Middleton,SF,khris-middleton,2012,-0.693277282,0.005368606,0.149152826,0.362379085,0.483099483
Ashton Gibbs,PG,ashton-gibbs,2012,-0.712622349,0.001004201,0.135719853,0.421720629,0.441555317
Miles Plumlee,PF,miles-plumlee,2012,-0.7234322,0.000378714,0.154787755,0.39365738,0.45117615
Kevin Jones,PF,6-kevin-jones,2012,-0.742305736,0.000191411,0.140619016,0.408054249,0.451135325
William Buford,SG,william-buford,2012,-0.747939697,0.000889484,0.137565563,0.420014027,0.441530926
Darius Miller,SF,darius-miller,2012,-0.762441429,0.000140748,0.118434526,0.441771763,0.439652963
Gerardo Suero,SG,gerardo-suero,2012,-0.804573475,0.002333333,0.040344444,0.543869841,0.413452381
Arnett Moultrie,PF,arnett-moultrie,2012,-0.836069017,0.001951945,0.14241347,0.347440917,0.508193668
Zach Rosen,PG,zack-rosen,2012,-0.881118585,0.001333333,0.058144396,0.48396563,0.45655664
Robbie Hummel,SF,robbie-hummel,2012,-0.886029122,0.000576045,0.109472592,0.379726758,0.510224605
Tyler Zeller,C,tyler-zeller,2012,-0.886482478,0.000952833,0.139317726,0.365510562,0.494218879
Jordan Taylor,PG,jordan-taylor,2012,-0.888591315,0.000452506,0.113935536,0.389875223,0.495736735
Tyshawn Taylor,PG,tyshawn-taylor,2012,-0.906643907,0.000579555,0.102159316,0.400538469,0.49672266
Marcus Denmon,SG,marcus-denmon,2012,-0.91208632,0.000738739,0.085602406,0.417502474,0.496156381
Ricardo Ratliffe,PF,ricardo-ratliffe,2012,-0.913073927,0.000263163,0.083116646,0.425384954,0.491235237
John Shurna,SF,john-shurna,2012,-0.923881437,0,0.058873497,0.466784468,0.474342035
Kim English,SG,kim-english,2012,-0.932128954,0.00111017,0.093542425,0.407447096,0.497900309
Terrell Stoglin,SG,terrell-stoglin,2012,-0.933010196,0.002411604,0.096088414,0.362764359,0.538735623
Fabricio Melo,C,fab-melo,2012,-0.935186244,0.000119301,0.099063901,0.420306829,0.480509969
Will Barton,SG,will-barton,2012,-0.935775884,0,0.094512734,0.402634841,0.502852425
Scott Machado,PG,scott-machado,2012,-0.959476413,0.001693333,0.071913479,0.403173551,0.523219638
Chris Johnson,SG,11-chris-johnson,2012,-1.017864352,0.00045626,0.068691479,0.400349226,0.530503035
Charlie Westbrook,SG,charlie-westbrook,2012,-1.036904376,0,0.044506616,0.446405299,0.509088085
Cameron Moore,PF,cameron-moore,2012,-1.063020392,0.000846349,0.066966207,0.354496547,0.577690897
Kris Joseph,SF,kris-joseph,2012,-1.069435934,0,0.05797981,0.393388492,0.548631698
Andrew Nicholson,PF,andrew-nicholson,2012,-1.082660249,0.000630555,0.066266506,0.397673392,0.535429547
Quincy Acy,SF,quincy-acy,2012,-1.083851248,0.00030907,0.071857226,0.357689055,0.570144649
Bernard James,C,bernard-james,2012,-1.093443904,0,0.058821607,0.372845857,0.568332536
Wesley Witherspoon,SF,wesley-witherspoon,2012,-1.135707842,6.65226E-05,0.046642143,0.377084359,0.576206976
Darius Johnson-Odom,SF,darius-johnson-odom,2012,-1.163017907,0,0.045374649,0.397456996,0.557168356
JaMychal Green,PF,jamychal-green,2012,-1.167714438,0.000587973,0.031468848,0.382527713,0.585415465
Festus Ezeli,C,festus-ezeli,2012,-1.169515729,0,0.057072932,0.364573216,0.578353852
Drew Gordon,PF,drew-gordon,2012,-1.17069164,0.001808765,0.042573969,0.368258089,0.587359177
Kyle O`Quinn,C,kyle-o-quinn,2012,-1.179221157,0.000151441,0.05068457,0.352475975,0.596688014
Terrell Holloway,PG,terrell-holloway,2012,-1.185031515,0.000187834,0.034943445,0.376654993,0.588213728
Toure` Murry,SG,toure-murry,2012,-1.18602304,0.000195975,0.02489439,0.399324875,0.575584761
Orlando Johnson,SG,orlando-johnson,2012,-1.210253966,0.000384054,0.031609322,0.374019444,0.59398718
Rakim Sanders,SF,rakim-sanders,2012,-1.214695871,0,0.0297791,0.375207937,0.595012963
Eric Griffin,PF,2-eric-griffin,2012,-1.219154149,0,0.047050343,0.33327298,0.619676677
J`Covan Brown,PG,j-covan-brown,2012,-1.221707833,0.000194207,0.044968952,0.356136378,0.598700464
Mike Scott,PF,32-mike-scott,2012,-1.224537277,0.000347862,0.03563054,0.354899663,0.609121935
Renardo Sidney,PF,renardo-sidney,2012,-1.224538481,0.000284293,0.02032765,0.375470362,0.603917695
Tony Mitchell,SG,3-tony-mitchell,2012,-1.233579669,0,0.050808796,0.312011807,0.637179397
Jeffery Taylor,SF,jeffery-taylor,2012,-1.235187319,0,0.047836661,0.333895451,0.618267888
Alex Young,SG,alex-young,2012,-1.253840711,0,0.018347298,0.382315566,0.599337136
Henry Sims,C,henry-sims,2012,-1.264229602,0.000631427,0.026197157,0.348069777,0.625101639
Kevin Murphy,SF,2-kevin-murphy,2012,-1.271355995,0,0.026670569,0.366993082,0.606336349
Justin Hamilton,C,2-justin-hamilton,2012,-1.301254056,0.00028239,0.028768314,0.327982371,0.642966925
Casper Ware,PG,casper-ware,2012,-1.306228257,0,0.022315634,0.340309159,0.637375207
Mitchell Watt,PF,mitchell-watt,2012,-1.316101171,0,0.019549013,0.334886588,0.6455644
Herb Pope,PF,herb-pope,2012,-1.31928748,0,0.020074038,0.3270238,0.652902162
Yancy Gates,PF,yancy-gates,2012,-1.339430576,0.00021323,0.03164911,0.298019782,0.670117878
Xavier Gibson,PF,xavier-gibson,2012,-1.341851105,0,0.0274474,0.303542018,0.669010582
Josh Owens,PF,josh-owens,2012,-1.352247233,0,0.019032029,0.321945281,0.65902269
Garrett Stutz,C,garrett-stutz,2012,-1.359133317,0.000129327,0.030894867,0.289284972,0.679690834
Augustus Gilchrist,C,augustus-gilchrist,2012,-1.379911613,0,0.01447288,0.30558735,0.67993977
Robert Sacre,C,robert-sacre,2012,-1.476022096,0.000403313,0.020722041,0.248581559,0.730293087
Derrick Williams,PF,3-derrick-williams,2011,1.156263453,0.166002273,0.406361192,0.159771362,0.267865173
Kyrie Irving,PG,kyrie-irving,2011,0.878822439,0.145133333,0.3847,0.133516667,0.33665
Tristan Thompson,PF,2-tristan-thompson,2011,0.550651756,0.0799,0.404183333,0.204216667,0.3117
Kawhi Leonard,SF,kawhi-leonard,2011,0.358445678,0.073842145,0.394673473,0.17795316,0.353531223
Brandon Knight,PG,brandon-knight,2011,0.109980109,0.066616667,0.355983333,0.146183333,0.431216667
Alec Burks,SG,alec-burks,2011,-0.062542276,0.037322606,0.266097057,0.348710207,0.34787013
Kenneth Faried,PF,kenneth-faried,2011,-0.077723641,0.009734162,0.300107192,0.337342317,0.352816329
Kemba Walker,PG,kemba-walker,2011,-0.0842592,0.026504944,0.308561144,0.25395791,0.410976002
Jereme Richmond,SF,jereme-richmond,2011,-0.131016665,0.009466667,0.309133333,0.361633333,0.319766667
Cory Joseph,PG,cory-joseph,2011,-0.172781947,0.0205,0.26015,0.3783,0.34105
Tobias Harris,PF,tobias-harris,2011,-0.234177374,0.009266667,0.250383333,0.387416667,0.352933333
Nikola Vucevic,C,nikola-vucevic,2011,-0.242777929,0.002209827,0.265809316,0.38034645,0.351634407
Tyler Honeycutt,SF,tyler-honeycutt,2011,-0.370330712,0.004690562,0.229489888,0.351831823,0.413987728
Klay Thompson,SG,klay-thompson,2011,-0.410841192,0.011865495,0.181933941,0.424087255,0.382113309
Josh Selby,PG,josh-selby,2011,-0.423177433,0.003966667,0.212066667,0.383266667,0.4007
Jordan Hamilton,SF,2-jordan-hamilton,2011,-0.428164487,0.001862831,0.202777928,0.412339699,0.383019541
Jordan Williams,C,jordan-williams,2011,-0.44607608,0.005932099,0.194953909,0.358490947,0.440623045
Iman Shumpert,PG,iman-shumpert,2011,-0.466189214,0.01167475,0.244249444,0.269154752,0.474921055
Willie Reed,PF,willie-reed,2011,-0.485956085,0.00596036,0.199921142,0.344409742,0.449708756
Jimmy Butler,SF,jimmy-butler,2011,-0.501786171,0.000923541,0.192478706,0.423580902,0.383016851
Kyle Singler,SF,kyle-singler,2011,-0.50449569,0,0.211761392,0.407338874,0.380899733
Brad Wanamaker,PG,bradley-wanamaker,2011,-0.507639974,0.002157101,0.218707067,0.363259217,0.415876615
Jimmer Fredette,PG,jimmer-fredette,2011,-0.516017396,0.01183467,0.203995706,0.343229672,0.440939951
Markieff Morris,PF,markieff-morris,2011,-0.522158069,0.004485966,0.166648312,0.470599272,0.35826645
Reggie Jackson,PG,4-reggie-jackson,2011,-0.564375027,0.006523507,0.158053855,0.417360089,0.418062549
Marcus Morris,PF,marcus-morris,2011,-0.59167767,0.00085145,0.168420785,0.439121032,0.391606733
Greg Smith,C,5-greg-smith,2011,-0.626927834,0.002821124,0.183603982,0.326586007,0.486988887
Nolan Smith,SG,nolan-smith,2011,-0.663804856,0.001932567,0.167414409,0.405567523,0.425085501
Jon Diebler,SG,jon-diebler,2011,-0.672365032,0,0.132419773,0.430724626,0.436855601
Chris Singleton,SF,chris-singleton,2011,-0.692153663,0.004260992,0.157669833,0.358535633,0.479533542
Chandler Parsons,SF,chandler-parsons,2011,-0.754461481,0.000245607,0.136776761,0.415688375,0.447289257
Marshon Brooks,SG,marshon-brooks,2011,-0.756014667,0.00204825,0.131074488,0.433667814,0.433209447
Jon Leuer,PF,jon-leuer,2011,-0.779539187,0.002749519,0.154882974,0.352244669,0.490122838
Josh Harrellson,C,josh-harrellson,2011,-0.799567334,0.000384474,0.11937498,0.415778178,0.464462368
Travis Leslie,SG,travis-leslie,2011,-0.813201236,0.00462668,0.112001726,0.401183835,0.482187759
Shelvin Mack,PG,shelvin-mack,2011,-0.819890433,0.006822798,0.119187916,0.361067037,0.512922249
Mark Payne,PG,mark-payne,2011,-0.821469593,0.000782059,0.091827183,0.461068996,0.446321763
David Lighty,SG,david-lighty,2011,-0.829272825,0,0.125921145,0.396749562,0.477329292
Malcolm Lee,PG,malcolm-lee,2011,-0.870000518,0.001365954,0.119370669,0.364100296,0.515163082
Justin Holiday,SF,justin-holiday,2011,-0.874480973,0.000226263,0.084409054,0.439950841,0.475413842
Darius Morris,PG,darius-morris,2011,-0.877368502,0.002036612,0.107310652,0.365199783,0.525452952
Julyan Stone,SG,julyan-stone,2011,-0.940871268,0.000390789,0.07869029,0.404658216,0.516260705
DeAndre Liggins,SG,deandre-liggins,2011,-0.942360645,0,0.058761605,0.460651921,0.480586474
Ravern Johnson,SG,ravern-johnson,2011,-0.946040704,0,0.02777057,0.519963063,0.452266367
Ben Hansbrough,PG,ben-hansbrough,2011,-0.96844216,0.000224117,0.060733436,0.438581142,0.500461305
Jacob Pullen,SG,jacob-pullen,2011,-0.969453549,0.00309771,0.074964438,0.412657963,0.509279889
Norris Cole,PG,norris-cole,2011,-0.996948944,0.000587117,0.095510483,0.353767353,0.550135047
LaceDarius Dunn,SG,lacedarius-dunn,2011,-1.006032986,0.000299466,0.048552571,0.46327179,0.487876173
Jamine Peterson,SF,jamine-peterson,2011,-1.013542304,0,0.077076071,0.387230356,0.535693573
Durrell Summers,SG,durrell-summers,2011,-1.033600044,0,0.060540807,0.428675934,0.510783259
Talor Battle,PG,talor-battle,2011,-1.037068394,0.000233537,0.023397486,0.476296343,0.500072633
Vernon Macklin,PF,vernon-macklin,2011,-1.046292963,0,0.041192103,0.447468808,0.511339089
Rick Jackson,PF,rick-jackson,2011,-1.054019258,0.000479761,0.074484455,0.370432972,0.554602812
Demetri McCamey,PG,demetri-mccamey,2011,-1.059601532,0.00082665,0.047547447,0.405813614,0.545812289
Malcolm Delaney,PG,malcolm-delaney,2011,-1.064047388,0.000337483,0.046154006,0.419217011,0.534291499
Gary Flowers,SF,gary-flowers,2011,-1.083933888,0,0.031360495,0.433549011,0.535090494
Isaiah Thomas,PG,2-isaiah-thomas,2011,-1.089808133,0.002082395,0.05156641,0.389651241,0.556699955
Kalin Lucas,PG,kalin-lucas,2011,-1.09914369,0.000688546,0.046111919,0.403240042,0.549959494
Andrew Goudelock,SG,andrew-goudelock,2011,-1.100958547,0,0.023789073,0.458182931,0.518027996
Justin Harper,PF,justin-harper,2011,-1.112003352,0,0.08853987,0.326838448,0.584621683
Ater Majok,PF,ater-majok,2011,-1.121020352,0,0.0345,0.416516667,0.548983333
Scotty Hopson,SG,scotty-hopson,2011,-1.127381994,0.000188928,0.050234973,0.402693937,0.546882162
Terrence Jennings,PF,2-terrence-jennings,2011,-1.150051428,0,0.055727717,0.352325657,0.591946626
Lavoy Allen,PF,lavoy-allen,2011,-1.152110461,0,0.052752889,0.361440764,0.585806347
Dwight Hardy,SG,dwight-hardy,2011,-1.153921146,0,0.026484904,0.418021225,0.555493871
Matt Howard,PF,matt-howard,2011,-1.166102321,0.00033729,0.033550883,0.38875799,0.577353837
E`Twaun Moore,SG,e-twaun-moore,2011,-1.16774117,0.000916771,0.05513884,0.350619539,0.59332485
Damian Saunders,SF,damian-saunders,2011,-1.17105064,0.000451539,0.051675349,0.339944409,0.607928702
Michael Dunigan,C,michael-dunigan,2011,-1.181532241,0.001335905,0.043850466,0.361397814,0.593415815
Justin Hurtt,SG,justin-hurtt,2011,-1.188948016,0,0.015589197,0.419113858,0.565296945
Delroy James,SF,delroy-james,2011,-1.209436547,0,0.017608084,0.395427422,0.586964493
JaJuan Johnson,PF,jajuan-johnson,2011,-1.21498146,0.000672015,0.070353094,0.291346574,0.637628317
Jamie Skeen,PF,jamie-skeen,2011,-1.227311088,0,0.042547086,0.350739444,0.60671347
Mike Davis,PF,24-mike-davis,2011,-1.240437385,0,0.027422528,0.361697301,0.61088017
Charles Jenkins,PG,charles-jenkins,2011,-1.244158579,0,0.029552813,0.357113019,0.613334168
Matthew Bryan-Amaning,PF,matthew-bryan-amaning,2011,-1.25838923,0.001062534,0.039275169,0.315007593,0.644654704
Diante Garrett,PG,diante-garrett,2011,-1.290642356,0,0.026051955,0.332127951,0.641820094
Xavier Silas,SG,xavier-silas,2011,-1.298849467,0,0.018462041,0.366247864,0.615290095
Keith Benson,C,keith-benson,2011,-1.379251302,0.000125438,0.031224406,0.288214225,0.680435931
Chris Wright,SF,23-chris-wright,2011,-1.437935882,0,0.018207457,0.264428086,0.717364457
Gordon Hayward,SF,gordon-hayward,2010,0.72594309,0.094128564,0.432401092,0.175132438,0.298337907
Greg Monroe,PF,greg-monroe,2010,0.571021611,0.091961464,0.369880336,0.19067621,0.34748199
DeMarcus Cousins,C,demarcus-cousins,2010,0.462182354,0.105282332,0.32757286,0.217486339,0.34965847
Derrick Favors,PF,derrick-favors,2010,0.437431234,0.060890653,0.400088183,0.229982363,0.309038801
Paul George,SF,paul-george,2010,0.377993317,0.083181436,0.35406194,0.189647446,0.373109178
Evan Turner,SG,evan-turner,2010,0.326732122,0.081517103,0.341627303,0.219071183,0.357784411
Ed Davis,PF,2-ed-davis,2010,0.259815792,0.032182769,0.374500558,0.325111177,0.268205496
Xavier Henry,SG,xavier-henry,2010,0.244164853,0.060200364,0.350865209,0.296880692,0.292053734
Al-Farouq Aminu,SF,al-farouq-aminu,2010,0.217775021,0.036851671,0.368997604,0.284532944,0.309617782
Tiny Gallon,PF,tiny-gallon,2010,0.197575781,0.023218997,0.314775726,0.395866315,0.266138962
John Wall,PG,john-wall,2010,0.13772393,0.071680217,0.328184282,0.099616079,0.500519422
Wesley Johnson,SF,wesley-johnson,2010,0.053817174,0.035264234,0.344247533,0.240359755,0.380128478
Avery Bradley,SG,avery-bradley,2010,-0.18671147,0.039254386,0.291315789,0.281710526,0.387719298
Daniel Orton,C,daniel-orton,2010,-0.293619664,0.008891753,0.237993986,0.432280928,0.320833333
Cole Aldrich,C,cole-aldrich,2010,-0.373168518,0.01524035,0.230046783,0.391296506,0.363416361
Devin Ebanks,SF,devin-ebanks,2010,-0.404717776,0.008106143,0.218832158,0.412081393,0.360980306
Brian Zoubek,C,brian-zoubek,2010,-0.475890542,0.000308409,0.215779752,0.416271012,0.367640827
Lance Stephenson,SG,lance-stephenson,2010,-0.502307394,0.023822256,0.19131016,0.346298065,0.438569519
Patrick Patterson,PF,patrick-patterson,2010,-0.546382504,0.00266597,0.187687177,0.416528592,0.393118262
Eric Bledsoe,PG,eric-bledsoe,2010,-0.634546545,0.002207792,0.219220779,0.311969697,0.466601732
Ekpe Udoh,PF,ekpe-udoh,2010,-0.692344897,0.003001657,0.149671534,0.414818956,0.432507854
